1111111111111111111111111111111111111111111111111
1000000000000000000000000000000000000000000000011
1000000000000000000000000000000000000000000000011
1000000000000000000000000000000000000000000000011
1000000000000000000000000000000000000000000000011
1000000000000000000000000000000000000000000000011
1000000000000000000000000000000000000000000000011
1000000000000000000000000000000000000000000000011
1000000000000000000000000000000000000000000000011
1000000000000000000000000000000000000000000000011
1000000000000000000000000000000000000000000000011
1M00000000000000000000000000000000000000000000011
ggM0000000000000000000000000000000000000000000011
ggM0000000000000000000000000000000000000000000011
ggM0000000000000000000000000000000000000000000011
ggM0000000000000000000000000000000001111111111111
1111111111110000000000000000000000000000000000011
1111111111110000000000001111111111100000000000011
1000000000000000000000110000000000000000000000011
1000000000001111111111000000000000000000000000011
1000000000000000000000000000000000000000000000011
1000000000000000000000000000000000000000000000011
1000000000000000000000000000000000000000000000011
1000000000000000000000000000000000000000000000011
1000000000000000000000000000000000000000000000011
1000000000000000000000000000000000000000000000011
1111111111111111111111111111111111111111111111111

