4111111111111111111111111111111111111111111111111
1000000000000000000000000000000000000000000000011
1000000000000000000000000000000000000000000000011
1000000000000000000000000000000000000000000000011
1000000000000000000000000000000000000000000000011
1000000000000000000000000000000000000000000000011
1000000000000000000000000000000000000000000000011
1000000000000000000000000000000000000000000000011
1000000000000000000000000000000000000000000000011
1000000000000000000000000000000000000000000000011
1000000000000000000000000000000000000000000000011
1000000000000000000000000000000000000000000000011
1000000000000000000000000000000000000000000000011
1000000000000000000000000000000000000000000000011
1000000000000000000000000000000000000000000000011
1000000000000000000000000000000000001111111111111
1111111111110000000000000000000000000000000000011
1111111111110000000000001111111111100000000000011
1000000000000000000000110000000000000000000000011
1000000000001111111111000000000000000000000000011
1000000000000000000000000000000000000000000000011
1000000000000000000000000000000000000000000000011
1000000000000000000000000000000000000000000000011
1000000000000000000000000000000000000000000000011
1000000000000000000000000000000000000000000000011
1000000000000000000MMMMMM000000000000000000000011
1111111111111111111MMMMMM111111111111111111111111
1111111111111111111bbbbbb111111111111111111111111
1111111111111111111bbbbbb111111111111111111111111

