1111L11F111L111F111L11111111111111111111111111111
1000000000000000000000000000000000000000000000011
1000000000000000000000000000000000000000000000011
1000000000000000000000000000000000000000000000011
1000000000000000000000000000000000000000000000011
1000000000000000000000000000000000000000000000011
1000000000000000000000000000000000000000000000011
100000000000000000000000MMMMMMMMMMMMMMM0000000011
1MMMMMM000000000000000000000000000000000000000011
1000000000000000000000000000000000000000000000011
1000000000000000000000000000000000000000000000011
1000000000000000000000000000000000000000000000Mdd
1000000000000000000000000000000000000000000000Mdd
1000000000000000000000000000000000000000000000Mdd
1000000000000000000000000000000000000000000000Mdd
100000MMMMMMMMMMMM00000PPPPPPPPPPPPP1111111111111
1000000000000000000000000000000000000000000000011
1000000000000000000000000000000000000000000000011
1000000000000000000000110000000000000000000000011
1000000000000000000000000000000000000000000000011
1000000000000000000000000000000000000000000000011
1000000000000000000000000000000000000000000000011
1000000000000000000000000000000000000000000000011
1000000000000000000000000000000000000000000000011
1000000000000000000000000000000000000000000000011
1000000000000000000000000000000000000000000000011
1111111111111111111111111111111111111111111111111

