11111111111111111111hhhhhhhh111111111111111111111
1000000000000000000MhhhhhhhhM00000000000000000001
1000000000000000000MMMMMMMMMM00000000000000000001
1000000000000000000000000000000000000000000000001
1000000000000000000000000000000000000000000000001
1000000000000000000000000000000000000000000000001
1000000000000000000000000000000000000000000000001
1000000000000000000000000000000000000000000000001
1000000000000000000000000000000000000000000000001
1000000000000000000000000000000000000000000000001
1000000000000000000000000000000000000000000000001
1000000000000000000000000000000000000000000000001
1000000000000000000000000000000000000000000000001
1000000000000000000000000000000000000000000000001
1000000000000000000000000000000000000000000000001
1000000000000000000000000000000000001111111111111
1111111111110000000000000000000000000000000000001
1111111111110000000000001111111111100000000000001
1000000000000000000000110000000000000000000000001
1000000000001111111111000000000000000000000000001
1000000000000000000000000000000000000000000000001
1000000000000000000000000000000000000000000000001
1000000000000000000000000000000000000000000000001
1000000000000000000000000000000000000000000000001
1000000000000000000000000000000000000000000000001
111111111111111111110MMMMMM1111111111111111111111
11111111111111111111bbbbbbb1111111111111111111111
11111111111111111111bbbbbbb1111111111111111111111

