1111111111111111111111111111111111111111111111111
1000000000000000000000000000000000000000000000001
1000000000000000000000000000000000000000000000001
1000000000000000000000000000000000000000000000001
1000000000000000000000000000000000000000000000001
1000000000000000000000000000000000000000000000001
1000000000000000000000000000000000000000000000001
1000000000000000000000000000000000000000000000001
1000000000000000000000000000000000000000000000001
1000000000000000000000000000000000000000000000001
10000000000000000000000000000000000000000000000M1
1M00000000000000000000000000000000000000000000Mdd
ggM0000000000000000000000000000000000000000000Mdd
ggM0000000000000000000000000000000000000000000Mdd
ggM0000000000000000000000000000000000000000000Mdd
ggM0000000000000000000000000000000001111111111111
1111111111110000000000000000000000000000000000001
1111111111110000000000001111111111100000000000001
1000000000000000000000110000000000000000000000001
1000000000001111111111000000000000000000000000001
1000000000000000000000000000000000000000000000001
1000000000000000000000000000000000000000000000001
1000000000000000000000000000000000000000000000001
1000000000000000000000000000000000000000000000001
1000000000000000000000000000000000000000000000001
1000000000000000000000000000000000000000000000001
1111111111111111111111111111111111111111111111111

